custom_checkpoint_path: /kaggle/input/models/rabinatwayana/ssl-full-v4-e50/pytorch/default/1/ssl_backbone_20260227_105432.pth
num_classes: 4
lr: 0.003967605077052989
freeze_backbone: true
focal_gamma: 3.909729556485983
label_smoothing: 0.04246782213565523
weight_decay: 0.0003142880890840109
